1.0 201.157
1.05 201.493
1.1 201.927
1.15 202.277
1.2 202.616
1.25 202.929
1.3 203.291
1.35 203.495
1.4 203.688
1.45 204.106
1.5 204.174
1.55 204.291
1.6 204.534
1.65 204.79
1.7 204.832
1.75 204.862
1.8 205.09
1.85 222.396
1.9 222.442
1.95 222.478
2.0 222.553
2.05 229.912
2.1 229.937
2.15 229.972
2.2 230.011
2.25 230.032
2.3 230.068
2.35 230.104
2.4 230.128
2.45 230.179
2.5 230.367
2.55 230.591
2.6 230.843
2.65 231.103
2.7 231.387
2.75 231.74
2.8 231.965
2.85 232.192
2.9 232.254
2.95 232.82
3.0 233.077
3.05 233.135
3.1 233.629
3.15 233.68
3.2 233.724
3.25 233.982
3.3 234.344
3.35 234.374









