1.0 2.35229
1.05 2.30262
1.1 2.28772
1.15 2.24275
1.2 2.20209
1.25 2.09235
1.3 2.15609
1.35 2.07346
1.4 1.92646
1.45 1.97972
1.5 1.92119
1.55 1.87399
1.6 1.86623
1.65 1.84044
1.7 1.83054
1.75 1.78593
1.8 1.80862
1.85 1.89774
1.9 1.83242
1.95 1.789
2.0 1.81118
2.05 1.81595
2.1 1.78501
2.15 1.78652
2.2 1.75124
2.25 1.80643
2.3 1.77181
2.35 1.70287
2.4 1.65959
2.45 1.63615
2.5 1.62878
2.55 1.62239
2.6 1.60589
2.65 1.60254
2.7 1.61691
2.75 1.62191
2.8 1.61857
2.85 1.61794
2.9 1.63886
2.95 1.62557
3.0 1.60268
3.05 1.63776
3.1 1.60543
3.15 1.682
3.2 1.60478
3.25 1.59382
3.3 1.68744
3.35 1.65498









