1 1.0
1.05 0.978884
1.1 0.97255
1.15 0.953433
1.2 0.936147
1.25 0.889495
1.3 0.916592
1.35 0.881464
1.4 0.818972
1.45 0.841614
1.5 0.816732
1.55 0.796666
1.6 0.793367
1.65 0.782404
1.7 0.778195
1.75 0.75923
1.8 0.768876
1.85 0.806763
1.9 0.778994
1.95 0.760535
2 0.769965
2.05 0.771992
2.1 0.758839
2.15 0.759481
2.2 0.744483
2.25 0.767945
2.3 0.753228
2.35 0.72392
2.4 0.705521
2.45 0.695556
2.5 0.692423
2.55 0.689707
2.6 0.682692
2.65 0.681268
2.7 0.687377
2.75 0.689503
2.8 0.688083
2.85 0.687815
2.9 0.696708
2.95 0.691059
3 0.681328
3.05 0.696241
3.1 0.682497
3.15 0.715048
3.2 0.68222
3.25 0.677561
3.3 0.717361
3.35 0.703561
3.35 0.703561
