1 1.0
1.05 1.00167
1.1 1.00383
1.15 1.00557
1.2 1.00725
1.25 1.00881
1.3 1.01061
1.35 1.01162
1.4 1.01258
1.45 1.01466
1.5 1.015
1.55 1.01558
1.6 1.01679
1.65 1.01806
1.7 1.01827
1.75 1.01842
1.8 1.01955
1.85 1.10558
1.9 1.10581
1.95 1.10599
2 1.10636
2.05 1.14295
2.1 1.14307
2.15 1.14325
2.2 1.14344
2.25 1.14354
2.3 1.14372
2.35 1.1439
2.4 1.14402
2.45 1.14428
2.5 1.14521
2.55 1.14632
2.6 1.14758
2.65 1.14887
2.7 1.15028
2.75 1.15204
2.8 1.15315
2.85 1.15428
2.9 1.15459
2.95 1.1574
3 1.15868
3.05 1.15897
3.1 1.16143
3.15 1.16168
3.2 1.1619
3.25 1.16318
3.3 1.16498
3.35 1.16513
3.35 1.16513
