testsCount: 1000
150 120
2255 2104
1792 716
86 1930
1090 1916
1464 57
153 1848
450 301
1891 1187
1434 2139
1427 1267
409 378
1782 548
893 328
679 903
699 1435
411 1177
2244 696
288 2284
140 238
1276 1060
261 290
1923 944
320 1105
1766 360
2199 1653
1223 2333
107 1303
2265 709
1163 1049
2283 680
973 1089
648 334
1797 1652
2199 484
1205 2042
1687 1730
595 1178
1346 2004
1321 1675
2040 838
2200 106
1834 2024
1292 1448
2086 1452
1701 2300
1448 2093
592 2111
284 1646
1354 1229
1168 59
1671 2029
2228 1099
254 1741
731 1084
597 1026
869 543
2117 1646
1154 287
2290 676
445 855
2004 1678
1159 590
1701 701
443 964
2177 165
1989 957
277 967
2041 889
1080 211
1114 1772
233 90
677 803
141 1221
136 824
1268 1231
286 402
1020 1189
1890 461
1701 871
282 1478
1384 399
995 1186
1957 1094
1690 794
1642 159
1685 2068
161 191
1745 2160
793 246
206 1501
220 1162
1340 2310
827 1808
1986 330
359 1732
606 1488
720 1027
284 247
863 1525
2222 259
1011 1655
325 484
471 1856
211 1245
2138 1043
1229 826
2240 201
1955 2202
642 123
200 1033
1230 1778
728 621
453 779
1333 2224
1107 1834
330 447
533 1431
1281 523
1824 2291
690 1103
1380 1074
907 845
2168 788
1287 103
2342 370
447 1673
1008 715
720 1431
1195 1226
1942 2043
1311 1277
611 1594
581 63
1776 1364
373 1232
1174 480
1270 1093
1381 207
1351 1279
1460 311
1546 1998
1930 1011
444 2235
1605 1548
433 510
998 248
1115 2117
364 1166
1819 351
321 1513
184 1096
1500 162
2087 2228
837 548
182 203
375 297
794 1955
2019 641
2070 1940
1739 1741
1214 138
1611 1558
2018 2020
585 134
2061 2218
705 2019
703 1084
968 1903
1236 1131
568 1638
226 211
2187 1363
1131 101
594 1604
330 1977
1103 1265
2121 1900
1106 1744
704 911
507 761
572 1886
2235 1258
1013 481
161 2100
2119 884
1266 669
1839 1401
690 242
2105 1383
1055 319
157 1429
429 1685
265 1140
858 695
2088 2207
1004 239
141 1522
116 2102
1692 92
459 1875
1438 1496
578 1740
605 1777
1117 2223
829 1180
2201 551
878 807
1218 518
2172 2018
1177 1833
607 1695
1866 2125
359 2186
287 1913
2112 1979
1488 270
1241 1522
404 1581
2105 2045
902 643
281 2343
2053 2077
820 1981
1793 748
1628 201
808 375
524 2197
1251 1985
483 1622
1882 334
1160 656
1641 1647
1427 2178
112 274
1347 2344
52 1735
1652 2265
1802 2342
1547 1734
1464 597
1687 381
1656 761
1739 446
2258 2124
1380 432
1414 1749
422 1226
681 2128
846 1240
2164 431
1431 90
625 434
742 505
2176 2199
569 1830
1427 1690
1941 624
2165 347
1047 174
1761 797
330 698
1367 812
1333 1863
1904 193
814 2214
229 1936
529 503
57 1187
282 1081
1096 406
779 614
444 1865
997 1762
700 771
707 1117
1762 139
1184 814
1410 231
1015 1760
733 1731
694 1093
1399 1075
1193 775
1755 1581
2165 1397
757 2001
533 291
1032 234
1061 536
1236 2181
2226 787
1636 1330
1791 1411
1545 292
1308 1558
627 2288
985 1772
226 1867
1888 1559
1788 480
1329 701
1891 1608
656 1684
164 1348
1591 694
1034 2001
1868 1716
2206 562
1627 1316
455 90
107 59
304 1063
2315 1791
427 1678
1757 1740
1964 1620
284 859
1193 1018
1222 1935
2067 1829
2262 957
1179 1069
396 568
1043 139
1400 282
151 1904
2044 1516
1268 956
322 515
140 1205
1416 2184
951 1929
504 1215
2109 1334
1588 1240
2164 1143
879 474
1545 644
452 2183
384 2118
104 104
814 1246
2314 841
2301 551
995 304
2279 1903
456 2164
372 2169
1508 1272
2141 1932
1412 1364
480 2065
1846 1317
956 1605
1727 1177
2031 1381
2138 972
1241 1388
384 1800
1074 1582
597 1080
310 953
1644 1644
1993 1897
181 655
619 1261
665 215
1282 433
222 1989
386 163
895 492
1766 92
812 2176
1067 2259
479 2313
1073 964
1256 2059
323 1707
2212 950
1892 306
1438 521
561 1510
1041 1467
640 531
1140 2187
2139 1391
2030 2081
352 1073
1388 1296
719 1454
978 676
1466 1506
250 1157
197 457
625 271
1247 903
642 726
671 2046
156 177
1452 295
2248 1741
1948 320
1236 1271
1255 1502
152 672
1182 512
1388 1157
2171 1466
809 1920
444 1491
692 337
933 812
516 2130
1090 1904
1104 1376
135 998
2315 167
208 1347
1963 2021
1179 1938
773 431
2173 941
683 1908
2029 855
1930 2067
164 1074
1365 1166
194 197
389 1525
1418 1202
677 1038
912 316
965 499
1005 2162
1932 2127
1037 1906
855 144
1156 2170
2123 1771
1811 775
862 993
409 1227
1920 478
1171 2088
2150 1827
825 497
2158 574
2314 517
1492 2100
1475 529
1655 2161
1033 156
863 1233
1595 1401
1233 261
1108 2090
807 258
1784 1870
1559 2133
427 2112
63 1444
1345 444
1391 1412
449 1929
1644 2077
1761 2034
1031 794
1745 991
950 973
1945 1796
2293 978
917 1662
1299 1292
713 1656
2085 84
901 2231
2267 916
1859 1429
755 829
1917 646
1454 1641
499 1580
2069 210
2090 2060
491 2026
353 942
158 1163
1723 1517
155 2024
1786 730
229 1076
2165 1951
1652 2344
1087 364
1562 1841
739 223
1891 762
2130 795
298 1356
972 1313
2256 1623
1231 836
1360 1124
1454 508
2024 696
313 2339
1083 662
91 1186
1721 1010
1339 1900
2272 163
1953 809
2174 1043
318 108
219 1034
1977 1089
1962 2241
1991 226
776 1090
377 54
708 2287
345 1863
428 463
1345 1679
2073 2062
1529 1167
621 2210
1964 2034
2053 1835
1431 789
1544 1853
2226 1629
654 2244
856 232
546 1393
2028 2082
103 554
2036 1582
521 1688
1854 1936
1737 770
1047 1515
1245 1869
2018 1007
57 1347
690 2056
599 1640
1057 714
520 1759
998 1853
463 1058
140 746
1460 1614
2284 1055
550 2206
2244 191
652 191
190 662
2270 1457
560 2262
240 905
1923 616
2256 2060
876 1305
1207 1292
361 1772
2227 1132
674 796
1108 2235
354 1162
1540 1007
1008 2211
2027 220
1197 1376
419 442
1162 1254
1316 989
1369 946
1428 92
1865 1208
2151 2261
467 1134
724 856
2105 1219
1142 1033
360 2249
1045 1366
172 905
1085 991
420 725
2168 1266
1554 758
1033 337
1594 215
92 2199
1259 2227
1882 1303
1684 281
570 1132
1142 304
1871 1047
1453 1419
152 1301
214 1766
989 344
351 1902
457 1204
1845 879
505 1385
199 1255
693 576
1804 1727
1330 988
1548 132
370 924
429 1456
171 1335
1768 1558
380 365
119 234
1385 2266
128 1744
1965 2182
205 1436
1972 347
2269 1641
1091 281
744 2234
2066 1942
513 2328
1264 2162
1292 1554
1073 1222
1481 717
1641 1396
514 1576
1737 526
152 406
169 325
333 558
157 1432
2239 1501
1673 1850
1900 888
84 176
406 1614
855 2259
1066 2235
1818 1723
528 269
1481 2270
647 2294
144 1703
111 1883
1281 746
1379 620
2255 2036
428 215
936 755
650 1555
549 630
377 1881
715 1428
794 509
1409 1843
608 1549
1923 1471
922 1672
320 1673
208 589
1523 166
423 1024
1206 1818
672 327
2298 807
825 1502
286 508
1917 669
1216 2287
1301 634
1883 814
1005 2308
1336 907
2100 1411
1200 1875
163 1786
1809 208
821 1304
253 1298
578 619
1884 1357
428 2088
62 1133
1794 177
167 108
404 349
612 760
1909 1581
941 1096
1914 1173
143 1779
405 759
54 481
2233 1957
473 1988
251 1448
1465 1202
2025 1591
1001 2074
2047 253
383 1888
1255 258
1823 1845
2199 2259
84 1848
329 2016
2200 1158
666 2133
2033 288
830 411
153 2062
1332 2213
353 1517
2045 106
830 532
341 771
2167 421
1704 1010
1900 225
1836 2021
570 242
1913 450
537 1393
675 94
442 790
1965 88
655 484
1345 625
1983 132
1332 1149
2201 332
871 2344
1308 607
85 2090
1350 823
1415 604
739 589
1093 612
1750 1509
1407 928
183 379
1799 1654
1958 530
2032 120
182 924
788 781
2279 756
1614 1687
1928 378
1364 2277
2147 1001
1741 498
151 1597
437 413
239 200
1206 217
1220 703
884 2201
1010 624
974 2284
79 569
183 1905
1920 958
2233 1363
1430 652
1976 953
738 1863
1377 1676
2017 1206
532 218
2262 1071
366 2134
977 1710
455 1930
1838 2127
259 364
1271 874
1060 2261
1232 1165
598 1230
733 160
1087 178
234 617
1150 1978
231 519
1502 827
1150 2266
1442 1558
928 1236
707 1233
2348 746
349 876
1108 1186
1654 773
1403 73
395 2260
2051 221
1979 228
2126 1945
2348 423
206 274
2210 1007
1580 541
2237 2140
1453 863
1530 1099
1118 52
2098 1264
175 209
1455 1613
119 726
2313 278
119 780
1677 127
86 724
1135 2285
2187 571
1098 1458
617 277
2226 2041
1391 2231
1205 1259
1831 2287
1213 625
814 525
2316 961
479 406
746 2346
2167 1962
452 1415
1232 2170
1727 2117
1779 2136
327 1963
995 2317
225 111
1307 1011
91 1708
1514 1452
287 955
1398 1942
1159 534
942 1040
1592 1154
1932 942
226 1580
935 1701
780 492
1462 156
511 1920
2168 1247
208 2203
1071 1826
1166 1230
1545 1723
1831 1265
249 2104
731 2173
128 280
272 797
568 1922
1560 1696
2339 2112
1353 1174
1554 357
180 852
607 900
2032 585
997 1452
248 909
1655 1629
1088 1765
2026 1227
1437 106
951 940
764 1082
943 209
1178 1085
486 1826
1558 957
1863 2088
991 603
63 1705
443 1067
1688 2060
1622 1235
593 398
1991 1069
92 2292
1305 1565
607 109
53 1516
1352 1235
1355 670
688 549
273 1979
144 583
353 238
1113 965
2002 346
143 1866
983 1140
1075 1852
214 371
1351 1352
412 723
137 756
1207 1354
601 2211
1072 2023
2109 408
495 1179
1252 1922
1048 1396
1850 2078
2037 319
1802 484
498 142
265 1735
571 1985
384 2158
1432 936
1444 1035
1498 1837
2070 1004
1027 781
1171 1538
95 1808
433 331
1946 2247
273 2245
256 844
2268 1260
1237 744
927 305
1025 814
1678 633
721 1468
1206 121
901 2256
2048 2263
2109 1733
542 132
696 235
334 259
1956 414
1706 526
1642 746
345 198
1355 1509
1875 973
1288 2026
382 700
1498 419
1350 1453
462 1249
1237 1171
1700 1195
2293 2147
1642 519
893 1503
1263 1220
1390 1846
316 235
1573 726
1921 2284
350 1823
1340 341
2228 323
92 385
1872 1073
2134 2222
938 874
269 1419
449 1706
717 2049
276 2042
1705 814
1433 1509
61 446
950 2085
1860 1102
230 246
1788 1604
203 1327
838 1701
1456 504
1134 1192
1869 1863
0F9B8DF0